000000
000000
000000
000000
000000
000000
000000
000000
000000
000000
000000
000000
000000
000000
000000
231846
000000
000000
000000
000000
000000
000000
000000
000000
000000
000000
000000
000000
000000
000000
000000
24a524
2444a2
229444
21ace5
000000
000000
000000
000000
000000
000000
000000
000000
000000
000000
259883
000000
000000
000000
2444a2
000000
000000
000000
2224c5
000000
000000
000000
000000
234462
000000
000000
000000
000000
000000
000000
000000
000000
000000
000000
000000
000000
000000
000000
000000
000000
20b122
000000
000000
000000
000000
000000
000000
000000
000000
000000
000000
000000
000000
000000
000000
000000
000000
248842
000000
000000
000000
000000
000000
000000
000000
000000
000000
000000
000000
000000
000000
240842
000000
000000
2528a6
000000
2424c7
000000
000000
000000
000000
000000
000000
231c65
000000
23c483
000000
000000
000000
24b0e3
000000
253484
000000
000000
000000
000000
212524
000000
000000
000000
000000
000000
242886
000000
000000
000000
000000
000000
000000
000000
000000
000000
2234c6
000000
000000
000000
000000
000000
000000
000000
000000
000000
000000
000000
000000
000000
000000
000000
000000
000000
000000
000000
000000
24b085
2228c6
000000
000000
000000
000000
000000
000000
000000
000000
000000
000000
000000
000000
229844
000000
000000
000000
000000
000000
000000
000000
000000
203143
000000
000000
000000
000000
000000
000000
000000
2324e2
000000
000000
000000
22b4c4
000000
000000
000000
261863
000000
242887
000000
261864
229864
000000
242887
000000
000000
000000
000000
000000
000000
000000
000000
000000
253502
26a462
000000
000000
000000
000000
000000
000000
000000
000000
000000
000000
000000
000000
000000
2228c3
000000
000000
000000
000000
000000
000000
000000
000000
22a4a2
000000
000000
000000
000000
254842
000000
000000
000000
000000
000000
000000
000000
000000
000000
000000
000000
000000
000000
000000
000000
000000
000000
000000
000000
000000
000000
000000
000000
000000
000000
000000
26a461
000000
203d42
000000
000000
222461
200d41
000000
23c063
000000
000000
000000
2228e6
000000
000000
000000
000000
229845
000000
000000
000000
000000
000000
252cc6
000000
000000
218ce1
000000
000000
000000
000000
000000
000000
000000
000000
000000
000000
000000
000000
000000
000000
000000
201543
231c65
000000
000000
000000
000000
000000
234043
231886
000000
000000
000000
000000
000000
000000
000000
000000
000000
000000
000000
000000
000000
000000
000000
000000
000000
000000
000000
000000
000000
000000
000000
000000
000000
000000
000000
000000
000000
000000
000000
000000
000000
000000
2544e2
211102
000000
000000
000000
26a462
000000
26a462
222462
000000
000000
000000
000000
000000
231022
000000
000000
000000
000000
000000
24a865
24ac86
000000
000000
000000
000000
000000
000000
000000
000000
000000
000000
000000
000000
000000
000000
23c063
000000
000000
000000
000000
000000
000000
000000
000000
000000
000000
000000
000000
000000
000000
000000
000000
000000
210d22
000000
2294a3
000000
000000
000000
000000
000000
000000
000000
000000
000000
000000
000000
000000
000000
000000
000000
000000
000000
000000
000000
000000
22c443
000000
000000
000000
000000
000000
000000
000000
000000
000000
000000
000000
000000
000000
239c21
213522
239c21
000000
000000
000000
000000
000000
000000
24a462
000000
25c442
000000
000000
23c442
000000
000000
000000
000000
000000
000000
000000
000000
000000
000000
000000
000000
000000
000000
000000
000000
000000
000000
000000
000000
000000
000000
000000
000000
21c0e2
24c061
000000
000000
000000
000000
000000
000000
000000
000000
000000
000000
000000
000000
000000
2528e4
000000
24a8c6
000000
000000
000000
000000
000000
000000
000000
241c61
000000
000000
000000
24b502
000000
000000
000000
000000
000000
000000
000000
000000
000000
000000
000000
000000
000000
000000
000000
000000
000000
000000
000000
000000
000000
000000
000000
000000
000000
252907
282c49
000000
282c49
000000
000000
000000
000000
000000
000000
000000
000000
000000
000000
000000
22a4a4
2524c2
000000
24a462
000000
24c862
000000
000000
000000
000000
000000
000000
000000
000000
000000
000000
000000
000000
000000
000000
000000
000000
000000
000000
000000
000000
000000
000000
000000
000000
000000
000000
000000
000000
000000
25ac21
000000
000000
000000
000000
000000
25ac21
000000
000000
000000
000000
000000
000000
000000
000000
219865
000000
000000
000000
000000
000000
000000
25ac21
242c21
000000
000000
000000
000000
22b0a5
23cc81
000000
000000
000000
000000
000000
244021
000000
000000
000000
000000
000000
000000
000000
000000
000000
000000
000000
000000
000000
000000
000000
24b025
000000
000000
000000
000000
000000
000000
000000
000000
000000
000000
000000
000000
000000
000000
292829
000000
292829
21c443
000000
21bc65
000000
000000
000000
252923
000000
000000
000000
000000
000000
000000
000000
26a442
22a442
000000
000000
232ca6
000000
000000
000000
000000
000000
000000
000000
000000
000000
000000
000000
000000
000000
000000
000000
000000
000000
000000
000000
000000
000000
23b086
24b086
000000
000000
000000
000000
000000
000000
000000
000000
000000
000000
000000
000000
244043
000000
000000
250d41
000000
000000
000000
000000
274064
24c0a3
000000
000000
000000
000000
000000
000000
000000
000000
000000
000000
000000
000000
000000
000000
000000
21c463
000000
000000
000000
000000
000000
000000
000000
000000
000000
000000
000000
24a8c6
000000
000000
000000
000000
000000
000000
000000
000000
20b523
000000
000000
000000
000000
239cc6
251822
22a8a1
000000
000000
000000
000000
24a462
000000
000000
000000
000000
000000
000000
000000
000000
000000
000000
000000
000000
234443
000000
000000
271064
000000
000000
251886
271425
249883
271465
000000
000000
000000
21bce2
000000
000000
000000
000000
000000
2224c5
000000
244044
000000
000000
000000
000000
000000
000000
000000
000000
000000
000000
000000
271464
219464
209523
000000
269443
000000
000000
000000
269443
229443
000000
000000
000000
000000
000000
244842
000000
000000
000000
000000
000000
000000
000000
000000
000000
000000
000000
000000
000000
000000
000000
243021
000000
000000
000000
000000
000000
000000
000000
000000
000000
000000
000000
000000
000000
000000
000000
000000
273c45
000000
000000
223c45
204143
000000
20a522
000000
212503
000000
000000
248c81
000000
000000
000000
000000
000000
000000
000000
000000
000000
000000
000000
000000
000000
000000
000000
000000
000000
000000
000000
000000
000000
000000
000000
000000
000000
000000
000000
000000
000000
000000
244862
000000
000000
23ac85
24ac85
000000
000000
000000
229425
000000
000000
000000
000000
000000
000000
000000
000000
000000
000000
000000
000000
000000
000000
000000
000000
259423
000000
000000
000000
000000
000000
000000
000000
000000
000000
25bc41
000000
000000
000000
000000
000000
000000
000000
000000
000000
000000
000000
000000
000000
000000
000000
000000
000000
000000
000000
000000
000000
2294c5
000000
000000
221825
000000
000000
000000
000000
213922
232021
000000
20ac29
209122
000000
213922
24b922
000000
000000
000000
000000
000000
000000
259024
21b866
000000
000000
000000
000000
000000
251444
000000
000000
000000
000000
000000
000000
000000
000000
20a525
000000
000000
000000
000000
000000
000000
000000
000000
000000
291c24
209c24
21b0e5
000000
000000
000000
000000
000000
000000
000000
000000
000000
000000
219465
000000
000000
000000
000000
2330e1
249821
000000
000000
000000
000000
000000
000000
244043
000000
000000
231023
000000
000000
000000
000000
2424e5
25b467
233467
000000
000000
2314e2
000000
000000
000000
000000
242462
000000
000000
000000
000000
000000
000000
000000
000000
000000
000000
000000
000000
000000
000000
000000
000000
000000
000000
000000
000000
251c41
241c41
000000
000000
000000
000000
211522
000000
000000
000000
000000
000000
000000
000000
000000
000000
000000
000000
000000
000000
000000
253483
000000
000000
000000
000000
000000
000000
000000
000000
000000
000000
000000
000000
20cd21
000000
000000
000000
000000
000000
000000
000000
000000
000000
000000
000000
000000
000000
000000
000000
000000
000000
261481
221481
000000
000000
000000
000000
262044
23a021
000000
000000
000000
000000
000000
000000
000000
000000
000000
000000
000000
000000
213102
000000
000000
000000
000000
251886
26a021
000000
000000
000000
000000
000000
000000
000000
000000
000000
000000
000000
202543
221c21
279c21
221c21
000000
252905
000000
000000
000000
000000
000000
000000
000000
000000
000000
000000
26a462
000000
000000
241463
24c862
000000
000000
000000
000000
000000
23b863
000000
000000
000000
000000
000000
000000
000000
000000
000000
000000
000000
000000
000000
000000
000000
000000
000000
000000
000000
000000
000000
000000
000000
000000
000000
000000
000000
000000
251886
000000
000000
000000
000000
24b461
000000
259c21
000000
259c21
000000
000000
000000
000000
000000
000000
000000
000000
000000
000000
000000
264021
000000
000000
000000
000000
000000
000000
229c26
25c463
234463
000000
000000
000000
000000
000000
23c021
233883
241c21
211503
000000
000000
000000
000000
000000
000000
21ac49
000000
000000
000000
000000
000000
000000
000000
000000
262883
222883
291c25
000000
000000
244021
000000
000000
000000
000000
000000
000000
000000
000000
000000
243821
2234e2
000000
25cc21
244c21
000000
000000
244044
000000
000000
000000
000000
000000
000000
000000
000000
000000
25b021
000000
25b021
000000
25b021
000000
25b021
243021
000000
000000
000000
000000
000000
000000
000000
254024
25a021
000000
000000
000000
000000
000000
000000
000000
000000
000000
000000
000000
263421
23b421
242841
221c21
000000
000000
000000
000000
000000
222462
000000
000000
000000
000000
000000
000000
000000
000000
000000
000000
000000
000000
000000
000000
000000
000000
000000
000000
000000
000000
000000
000000
000000
000000
000000
000000
000000
000000
000000
000000
250c43
000000
260481
000000
28b025
213025
000000
000000
000000
220481
000000
000000
000000
000000
000000
000000
000000
000000
000000
000000
000000
000000
000000
000000
000000
000000
201543
000000
000000
000000
000000
000000
283c45
000000
000000
213c45
000000
000000
000000
000000
000000
000000
000000
000000
000000
000000
000000
000000
000000
000000
000000
000000
000000
000000
000000
000000
000000
000000
000000
000000
000000
000000
258c23
240c23
000000
000000
000000
000000
211104
000000
000000
000000
000000
000000
000000
24a502
000000
000000
2228e5
000000
000000
000000
000000
000000
000000
000000
000000
000000
000000
000000
000000
000000
000000
000000
000000
000000
000000
000000
000000
000000
000000
000000
000000
000000
24cc81
000000
000000
000000
000000
000000
2214e4
223048
000000
24aca6
000000
000000
261c45
000000
210521
248521
26c043
22c043
000000
2538a5
259441
000000
261c45
000000
000000
000000
261c45
231c45
259441
000000
259441
000000
259441
239441
269826
000000
000000
000000
000000
000000
242462
000000
000000
000000
231c45
000000
000000
000000
000000
000000
000000
000000
000000
000000
000000
000000
000000
000000
221485
000000
000000
000000
000000
000000
000000
000000
000000
000000
000000
000000
000000
000000
000000
000000
000000
000000
000000
000000
000000
000000
000000
000000
000000
000000
000000
000000
000000
000000
000000
000000
000000
000000
000000
000000
000000
000000
000000
000000
000000
000000
252cc6
233484
000000
000000
000000
000000
000000
000000
24b842
253021
000000
253021
000000
253021
24b021
000000
000000
000000
000000
250441
000000
243c44
000000
000000
21b026
000000
000000
000000
000000
248c41
000000
000000
000000
000000
000000
000000
000000
000000
000000
000000
000000
248861
000000
243441
2328a1
000000
000000
000000
000000
000000
24a081
000000
000000
000000
000000
000000
000000
000000
000000
000000
000000
000000
000000
24a464
242464
000000
000000
000000
000000
000000
000000
000000
000000
000000
000000
000000
000000
000000
000000
000000
000000
26b465
000000
263021
000000
000000
000000
000000
000000
000000
23b021
000000
000000
274064
000000
000000
000000
000000
000000
222cc2
244061
000000
253941
2234c4
000000
000000
253421
2234e2
000000
000000
000000
26b866
223866
000000
24b482
254882
000000
000000
000000
000000
000000
000000
000000
000000
000000
000000
000000
2444a2
000000
000000
000000
000000
000000
000000
000000
000000
000000
000000
000000
000000
000000
000000
000000
000000
000000
000000
000000
000000
000000
2314c3
000000
2214e3
000000
000000
000000
000000
000000
000000
000000
000000
000000
000000
000000
000000
000000
000000
000000
000000
000000
000000
000000
000000
2530c2
000000
000000
24bc43
000000
000000
000000
000000
000000
000000
000000
000000
000000
000000
000000
262021
232021
000000
000000
000000
000000
000000
000000
000000
000000
24a0a6
000000
000000
000000
000000
241c41
000000
000000
000000
000000
000000
000000
000000
23c8a2
22a4a3
000000
000000
000000
000000
000000
000000
000000
000000
000000
000000
000000
240c81
000000
000000
000000
000000
000000
274024
000000
274024
251886
000000
000000
26c463
254941
251823
000000
000000
000000
000000
000000
000000
000000
000000
000000
2444c3
253d42
2218e1
2320a6
000000
000000
000000
23c041
000000
254842
000000
000000
26c463
000000
26c463
000000
000000
224463
244443
000000
000000
000000
264443
234443
26c423
234423
000000
000000
000000
000000
000000
000000
26c064
000000
000000
000000
000000
000000
000000
000000
000000
000000
000000
000000
27c024
000000
24b861
000000
000000
000000
000000
000000
27c024
224024
000000
000000
2318a1
000000
000000
22c421
000000
254941
000000
000000
000000
224c21
000000
000000
000000
253c61
000000
000000
000000
24c4e2
21a0e1
000000
000000
000000
000000
000000
000000
000000
000000
000000
000000
000000
000000
000000
000000
000000
000000
000000
000000
272c28
000000
000000
244c41
212505
000000
000000
000000
000000
000000
000000
000000
000000
000000
000000
000000
000000
000000
000000
000000
000000
000000
000000
000000
22a0a2
000000
253421
000000
000000
000000
000000
000000
000000
000000
000000
000000
000000
000000
233484
24bc43
000000
253025
000000
000000
000000
224463
000000
000000
000000
000000
000000
000000
000000
000000
000000
000000
25b421
243421
000000
000000
000000
000000
000000
000000
000000
000000
2240c2
000000
000000
253844
000000
000000
000000
000000
000000
219825
000000
000000
000000
000000
269861
000000
000000
000000
000000
000000
000000
000000
000000
000000
000000
000000
000000
253903
262021
000000
000000
000000
000000
000000
000000
000000
000000
000000
24c423
000000
000000
000000
000000
000000
000000
232021
000000
000000
000000
20ac28
000000
000000
000000
000000
000000
000000
000000
000000
000000
249123
000000
000000
000000
000000
000000
000000
000000
000000
000000
000000
000000
000000
268862
000000
000000
000000
000000
000000
000000
000000
000000
000000
000000
000000
000000
241841
000000
000000
000000
000000
000000
220862
000000
000000
000000
000000
000000
000000
243046
000000
000000
000000
000000
000000
000000
24c042
26c443
000000
281024
219024
000000
000000
000000
000000
000000
000000
000000
000000
000000
000000
000000
000000
000000
000000
000000
000000
000000
000000
000000
000000
000000
000000
000000
000000
000000
000000
000000
228ca3
